2747220826 37 27 14 44 20 13 51 42 0 39 4 23 36 12 26 21 30 50 40 25 29 24 9 10 15 43 7 38 8 19 18 34 49 31 48 33 45 28 32 46 41 6 16 1 47 22 5 2 11 3 17 35
4101385470 16 50 31 24 17 7 34 21 37 14 19 43 30 22 36 8 38 39 46 26 25 9 28 2 18 13 33 10 51 32 23 35 47 11 42 3 40 41 4 45 1 5 20 15 12 27 49 29 48 0 6 44
1840698300 50 36 22 18 27 13 41 10 4 15 33 34 25 11 47 8 12 19 26 48 2 37 7 28 45 30 35 31 38 3 20 9 43 17 23 32 42 6 46 39 16 21 51 14 5 40 49 24 29 44 0 1
8744510 40 25 29 44 3 8 10 21 36 14 6 17 19 37 30 27 45 12 31 2 9 4 51 15 0 24 13 18 5 47 42 32 7 26 16 46 35 49 43 50 20 34 41 23 38 1 48 22 28 39 33 11
3360376745 14 36 16 38 18 49 23 32 51 42 19 47 8 15 29 11 13 30 35 4 25 22 0 43 48 39 28 24 31 44 10 34 26 45 46 1 27 17 9 12 37 6 50 5 20 41 7 2 3 40 21 33
2014065009 32 38 42 20 43 49 2 3 39 12 18 22 5 40 11 6 1 46 41 34 47 19 15 13 26 27 16 48 25 21 28 37 33 8 17 23 35 0 51 45 30 36 7 14 44 9 4 31 24 29 50 10
2424588358 6 28 50 34 36 20 5 41 12 35 43 29 9 1 14 49 15 25 17 24 42 39 11 31 16 48 23 0 45 47 4 13 46 33 30 44 2 8 27 21 19 10 38 32 3 26 37 40 18 22 51 7
892829689 29 33 45 44 43 42 20 2 4 1 13 8 0 26 50 10 32 12 48 19 22 34 46 16 35 37 15 28 40 30 39 51 49 18 27 31 7 9 24 25 36 11 6 23 14 5 3 21 41 38 47 17
3598368135 28 50 31 11 27 32 51 34 12 8 45 10 7 35 3 15 33 16 4 42 6 2 47 48 9 37 23 0 44 26 39 22 20 29 30 46 24 25 41 43 14 38 5 21 40 36 17 19 49 1 18 13
2069232428 24 19 7 14 17 41 35 11 1 13 15 0 42 39 31 34 33 8 2 47 51 25 23 5 40 3 50 21 46 43 9 29 45 16 26 12 37 30 18 4 49 20 36 38 6 10 28 32 27 48 44 22
1120205801 18 25 48 22 36 7 20 21 35 42 39 5 28 50 30 12 27 34 0 11 32 10 26 45 8 38 44 41 14 19 37 51 16 31 33 29 3 6 17 47 43 9 24 15 2 1 40 49 4 13 46 23
57968346 33 14 3 34 17 35 23 10 41 49 1 6 28 7 40 20 51 4 26 2 38 16 13 22 8 39 11 50 24 45 32 37 9 44 27 21 47 29 12 42 31 25 0 36 18 46 30 5 43 19 15 48
2210517459 22 2 15 12 45 41 16 29 32 28 44 51 37 25 23 38 50 24 42 8 17 26 3 10 6 47 4 49 33 43 14 5 21 9 7 0 46 30 36 31 27 13 1 18 39 40 11 34 19 20 35 48
998564216 9 8 13 11 18 10 38 3 26 21 24 31 28 14 43 48 30 20 12 41 29 5 51 42 19 36 22 37 4 16 23 25 35 34 40 50 33 39 27 45 15 46 7 17 32 44 6 2 49 1 0 47
1487284149 50 23 11 6 12 28 8 47 1 44 4 24 31 48 34 10 36 21 17 25 5 45 0 37 35 7 26 40 9 18 46 13 27 15 49 43 42 2 30 51 33 3 32 41 22 14 20 38 19 29 39 16
2309626791 32 12 48 51 50 24 15 34 14 0 9 42 33 22 6 25 13 20 28 5 29 45 39 19 35 10 46 21 23 11 43 2 16 26 47 49 27 30 4 8 3 1 41 44 31 40 17 37 38 18 7 36
1507982989 7 40 23 2 6 24 41 10 26 28 35 18 0 46 12 48 42 29 14 19 9 17 8 50 27 47 38 31 32 3 45 20 11 4 37 44 49 1 43 22 39 25 34 13 21 30 15 33 16 51 36 5
3759926731 32 28 2 5 49 24 26 11 43 13 40 3 21 19 47 45 39 41 42 38 7 10 16 6 50 17 34 29 33 8 4 36 1 44 37 35 23 51 27 30 14 20 25 9 31 22 15 0 18 12 46 48
2040815417 13 14 5 24 51 36 0 45 7 37 35 39 28 47 42 30 23 43 26 11 40 34 9 46 17 33 4 10 12 44 16 21 1 31 32 48 6 27 22 25 18 2 41 3 15 8 29 38 19 20 50 49
1170813670 50 45 48 51 10 7 35 44 29 21 25 30 18 32 43 46 26 24 1 0 12 6 39 23 2 19 9 28 33 16 27 4 37 3 17 14 47 22 13 38 5 36 31 20 42 15 49 34 11 8 41 40
2576102702 35 3 40 51 19 45 49 42 36 21 9 37 10 23 50 33 32 4 0 48 31 17 15 39 46 34 7 43 28 22 18 5 24 6 8 11 12 1 25 16 26 20 27 41 38 13 30 14 44 29 47 2
3797651419 3 45 29 33 7 17 51 22 15 13 23 50 1 35 6 20 44 38 36 27 37 9 11 39 28 24 12 31 16 41 14 46 49 40 48 30 0 47 21 42 2 25 18 5 43 4 19 34 8 26 10 32
2347978846 0 37 9 16 4 14 49 27 22 45 19 11 46 47 8 41 42 15 50 38 44 20 30 43 21 26 35 40 10 48 18 6 33 7 12 32 34 23 36 51 29 1 24 17 3 2 25 28 5 39 31 13
952352906 30 26 50 44 51 45 28 1 17 15 11 7 33 9 16 49 4 38 29 13 25 20 34 3 0 18 41 47 31 6 35 37 36 10 5 2 19 27 43 32 42 14 40 8 39 24 12 23 22 21 46 48
3972270401 1 37 16 34 31 11 36 14 22 46 13 5 6 20 19 9 39 25 3 42 26 30 49 18 32 7 4 38 29 10 48 15 27 28 12 35 43 17 50 24 21 40 45 47 8 2 44 0 51 41 33 23
959696948 43 29 34 27 11 49 5 50 2 9 30 10 6 40 28 21 26 0 3 22 17 16 32 38 36 15 51 48 14 47 12 7 33 41 37 31 1 42 13 45 24 35 20 39 23 18 4 44 46 8 25 19
472481349 14 10 12 23 41 46 50 33 15 51 29 34 47 8 0 36 4 30 38 3 21 35 45 20 32 49 48 44 26 31 9 16 24 2 22 11 17 25 7 13 5 1 39 42 37 27 43 28 19 6 40 18
1012241664 48 17 42 50 40 35 2 36 8 16 43 11 22 45 27 23 15 25 1 5 10 51 9 49 12 7 18 13 37 26 6 47 4 33 21 44 24 14 39 34 46 19 31 3 32 29 20 0 28 38 30 41
1999119805 0 7 51 21 41 32 25 22 27 42 24 49 23 16 46 37 45 36 33 2 13 50 15 11 48 44 4 9 34 28 12 19 26 29 31 17 39 40 6 14 30 20 35 3 10 47 1 5 18 43 38 8
2800372448 7 9 38 42 48 45 29 12 4 11 40 6 39 26 20 37 21 44 2 25 35 18 51 13 8 43 17 31 23 36 1 19 33 5 27 46 30 24 47 3 32 10 41 28 49 16 50 0 15 34 22 14
1299933842 9 27 19 24 4 46 14 37 41 31 43 12 13 6 11 1 22 47 32 34 44 26 42 29 16 35 39 33 40 7 25 38 48 50 0 23 5 21 10 3 45 36 2 20 15 28 30 51 17 49 8 18
976662061 44 10 17 6 15 43 22 37 34 3 8 45 42 25 26 38 9 33 23 30 20 18 29 4 32 13 41 0 46 28 35 50 24 19 2 14 36 51 31 48 16 1 49 5 21 27 40 12 47 11 7 39
283306973 48 29 12 5 20 15 26 10 36 39 51 30 41 19 37 43 50 38 8 9 21 27 13 4 25 31 0 33 7 42 18 24 11 47 2 44 23 45 40 14 28 16 17 22 1 49 3 35 34 6 32 46
2653433570 10 41 38 39 19 18 44 50 40 11 5 8 14 17 33 25 23 37 31 45 48 36 46 30 3 43 6 16 9 26 35 1 22 2 34 29 24 0 27 28 12 32 47 15 4 51 42 49 7 20 13 21
287140354 2 32 8 14 48 45 42 47 0 13 16 39 21 41 40 43 20 15 17 35 19 27 10 30 3 26 36 33 24 23 18 37 29 38 25 28 34 44 12 51 6 5 1 22 11 50 46 7 31 4 49 9
1368595444 19 36 32 31 48 43 4 5 35 28 27 6 34 30 9 50 29 13 14 15 16 10 46 42 51 40 17 23 3 20 39 18 24 41 47 2 45 49 44 7 8 22 25 11 0 1 37 26 21 33 12 38
2684003501 27 36 48 2 4 39 50 3 10 13 25 43 11 0 47 45 31 46 1 14 34 17 12 6 7 29 26 16 32 19 49 22 20 51 37 30 8 40 9 5 33 44 15 42 38 24 23 35 21 28 41 18
2725357738 7 44 14 43 27 26 48 50 42 47 51 18 23 4 1 34 12 28 6 2 32 45 40 36 15 30 46 25 8 37 35 49 24 29 9 16 5 39 41 17 21 31 3 11 38 22 0 19 10 20 13 33
1530083821 27 10 42 16 7 9 19 5 40 13 0 45 1 29 2 12 48 30 39 51 36 32 18 33 43 17 31 50 34 21 25 14 20 6 44 24 11 8 35 15 3 28 26 38 22 4 49 47 41 37 23 46
3131071065 32 0 39 7 24 46 6 23 34 12 29 9 28 35 8 36 4 3 1 11 27 33 40 15 21 13 50 25 42 19 17 2 16 10 43 41 49 31 45 26 48 37 14 38 51 22 44 20 5 30 47 18
2080490243 18 42 46 21 6 19 3 25 38 10 16 12 5 35 13 2 33 32 22 49 20 37 31 29 1 30 40 50 24 4 23 47 34 17 48 28 36 7 51 9 11 43 15 41 45 26 44 0 39 27 8 14
1611178090 15 27 31 2 42 10 3 43 50 49 32 24 30 20 35 21 25 8 17 29 34 12 36 4 47 9 11 1 5 45 39 22 44 16 37 18 7 13 48 19 40 38 26 51 6 14 46 33 23 28 41 0
2169783291 34 25 28 15 3 37 16 30 50 49 21 5 41 24 46 23 26 19 29 47 11 36 8 51 42 17 4 20 9 31 48 6 2 43 32 44 7 45 38 27 12 18 14 0 40 10 1 13 35 39 22 33
4031272122 24 5 25 15 33 29 1 16 12 49 3 6 27 13 34 46 42 35 18 48 8 51 41 30 11 37 14 20 10 31 40 50 32 23 9 4 17 26 39 28 2 36 43 0 38 19 47 45 21 7 22 44
482880142 34 30 21 27 42 13 12 31 25 28 11 6 44 3 18 24 32 40 15 4 1 26 22 19 14 37 36 38 16 2 35 8 51 41 5 0 17 43 39 50 29 48 46 33 47 23 20 7 10 9 45 49
2348824264 19 31 32 46 47 12 27 37 20 42 2 29 7 21 38 25 45 5 34 6 15 51 30 3 43 9 50 16 13 41 35 48 39 10 49 40 44 17 28 8 14 33 1 11 0 24 36 4 18 26 22 23
4282246982 24 48 27 45 37 6 2 0 44 29 30 43 36 1 35 9 34 18 38 3 14 51 4 23 5 49 7 20 17 26 15 28 11 21 25 39 47 13 8 50 40 12 32 31 41 46 19 42 10 33 16 22
1514258131 27 28 19 9 39 49 7 16 37 22 34 20 23 1 26 42 45 36 5 44 30 2 35 32 51 3 24 11 50 31 8 10 29 48 18 46 47 14 17 40 4 33 43 12 0 13 25 21 6 38 15 41
2662009683 5 50 16 51 32 49 3 11 13 12 23 48 24 40 29 6 46 30 34 21 10 41 27 7 28 19 43 1 18 9 31 33 14 38 22 35 42 4 2 8 17 47 20 0 36 44 39 45 37 25 15 26
890250882 15 36 44 21 18 11 8 6 35 39 29 19 40 32 27 43 41 45 31 5 17 13 22 16 46 34 28 33 20 51 12 10 30 50 1 26 47 0 24 48 42 23 38 49 7 14 4 37 2 3 9 25
